MAXITER= 1000
UDNEIGH= 25
DT= 0.25
TEMPERATURE= 300.0 RNDIST= GAUSSIAN SEEDINIT= UNIFORM
DUMPFREQ= 250
RSFREQ= 5000
WRTFREQ= 20
TOINITTEMP5= 1
THERMPER= 500
THERMRUN= 100000
NVTON= 5 NPTON= 0 AVEPER= 1000  FRICTION= 1000.0 SEED= 54
PTARGET= 1.0 NPTTYPE= ISO
SHOCKON= 0
SHOCKSTART= 100000
SHOCKDIR= 1
UPARTICLE= 500.0 USHOCK= -4590.0 C0= 1300.0
MDADAPT= 0
GETHUG= 0 E0= -1439.76  V0= 2959.6056192814552 P0= 0.128777
